3453306553	
29447428	
1238370241169616897	
1108565574	
19739126	
21525682	
95091601	
48624704	
1462548977367359490	
26217297	
18831926	
1120633726478823425	
938494109844729856	
2809959174	
2615581908	
1387010761994682371	
1268223690480615424	
878284831	
15801906	
926164634570067968	
467726691	
45379403	
32871086	
2885493519	
262219168	
1280478731874848769	
1238583088998830081	
92932981	
86626845	
2768501	
254515782	
139109800	
1237314642583658496	
1098819491780153345	
870629200348274688	
76842602	
711608180535640064	
66917778	
65357102	
63942152	
605153786	
490002009	
342863309	
34116377	
3303457302	
3246790436	
2608740770	
255812611	
2227646515	
22187085	
178580925	
1471037967926018051	
14247236	
1335983975613939712	
1238949674989416449	
1117704370630455296	
1096205507348623360	
1080844782	
1005846500583321601	
977204844	
9609622	
950563187296030721	
93880122	
879147821915615233	
843433646962999296	
798953701972938752	
795857631571156992	
793331593	
7587032	
728273994	
722242009	
713752653289955329	
707967655031005186	
58974496	
41438148	
4118285112	
368240745	
35787166	
34247411	
3383159573	
3288075858	
3131144855	
30844417	
307755781	
288277167	
27493883	
255369151	
234694571	
225779417	
20995648	
20559705	
20052899	
19084896	
163018653	
159021888	
15480566	
14707794	
1460176204363972613	
145499533	
14281853	
1421835080813666306	
14157134	
1330859882040463362	
1319916075476262914	
1247612029	
1218721688738615297	
1189799454506799104	
1113341312	
1095523459877068800	
1094971056358637568	
1073606435580325889	
1031000589054828544	
